[12:51:06.610] Price fields: {'rate_switch_time': 500, 'step_switch_time': 0, 'zone_switch_time': 300000, 'table_switch_time': 0, 'zone_count': 0, 'table_count': 0, 'period_count': 0, 'rate_count': 0, 'step_count': 0, 'voltage_ratio': 0, 'current_ratio': 0, 'alarm1': 0.0, 'alarm2': 0.0, 'overdraft_limit': 0.0, 'stock_limit': 0.0, 'close_limit': 0.0, 'max_power': 0.0, 'power_delay': 0, 'rate1_1': 0.0, 'rate1_2': 0.0, 'rate1_3': 0.0, 'rate1_4': 50.0, 'rate2_1': 50.0, 'rate2_2': 50.0, 'rate2_3': 50.0, 'rate2_4': 50.0, 'step1_val1': 5000.0, 'step1_val2': 0.0, 'step1_val3': 0.0, 'step1_price1': 0.0, 'step1_price2': 50.0, 'step1_price3': 50.0, 'step1_price4': 50.0, 'step2_val1': 5000.0, 'step2_val2': 0.0, 'step2_val3': 0.0, 'step2_price1': 0.0, 'step2_price2': 50.0, 'step2_price3': 50.0, 'step2_price4': 50.0}
[12:51:06.610] 电价参数数据(已编码): 00 05 00 00 00 00 00 00 00 00 00 00 30 00 00 00 00 00 00 00 00 00 00 00 00 00 00 00 00 00 00 00 00 00 00 00 00 00 00 00 00 00 00 00 00 00 00 00 00 00 00 00 00 00 00 00 00 00 00 00 00 00 00 00 00 00 00 00 00 50 00 00 00 50 00 00 00 50 00 00 00 50 00 00 00 50 00 00 00 50 00 00 00 00 00 00 00 00 00 00 00 00 00 00 00 50 00 00 00 50 00 00 00 50 00 00 00 50 00 00 00 00 00 00 00 00 00 00 00 00 00 00 00 50 00 00 00 50 00 00 00 50 00
[12:51:07.196] 发送: FE FE FE FE 68 07 00 51 05 03 26 68 03 97 32 37 34 3A 77 66 55 44 33 38 33 33 33 33 33 33 33 33 33 33 63 33 33 33 33 33 33 33 33 33 33 33 33 33 33 33 33 33 33 33 33 33 33 33 33 33 33 33 33 33 33 33 33 33 33 33 33 33 33 33 33 33 33 33 33 33 33 33 33 33 33 33 33 33 33 33 33 83 33 33 33 83 33 33 33 83 33 33 33 83 33 33 33 83 33 33 33 83 33 33 33 33 33 33 33 33 33 33 33 33 33 33 33 83 33 33 33 83 33 33 33 83 33 33 33 83 33 33 33 33 33 33 33 33 33 33 33 33 33 33 33 83 33 33 33 83 33 33 33 83 33 FF 16
[12:51:10.506] 接收: FE FE FE FE 68 07 00 51 05 03 26 68 C3 01 34 4E 16
[12:51:10.506] Price params set fail, error: 1
[12:51:51.562] Price fields: {'rate_switch_time': 500, 'step_switch_time': 0, 'zone_switch_time': 300000, 'table_switch_time': 0, 'zone_count': 0, 'table_count': 0, 'period_count': 0, 'rate_count': 0, 'step_count': 0, 'voltage_ratio': 0, 'current_ratio': 0, 'alarm1': 0.0, 'alarm2': 0.0, 'overdraft_limit': 0.0, 'stock_limit': 0.0, 'close_limit': 0.0, 'max_power': 0.0, 'power_delay': 0, 'rate1_1': 0.0, 'rate1_2': 0.0, 'rate1_3': 0.0, 'rate1_4': 50.0, 'rate2_1': 50.0, 'rate2_2': 50.0, 'rate2_3': 50.0, 'rate2_4': 50.0, 'step1_val1': 5000.0, 'step1_val2': 0.0, 'step1_val3': 0.0, 'step1_price1': 50.0, 'step1_price2': 50.0, 'step1_price3': 50.0, 'step1_price4': 50.0, 'step2_val1': 5000.0, 'step2_val2': 0.0, 'step2_val3': 0.0, 'step2_price1': 0.0, 'step2_price2': 50.0, 'step2_price3': 50.0, 'step2_price4': 50.0}
[12:51:51.563] 电价参数数据(已编码): 00 05 00 00 00 00 00 00 00 00 00 00 30 00 00 00 00 00 00 00 00 00 00 00 00 00 00 00 00 00 00 00 00 00 00 00 00 00 00 00 00 00 00 00 00 00 00 00 00 00 00 00 00 00 00 00 00 00 00 00 00 00 00 00 00 00 00 00 00 50 00 00 00 50 00 00 00 50 00 00 00 50 00 00 00 50 00 00 00 50 00 00 00 00 00 00 00 00 00 00 00 50 00 00 00 50 00 00 00 50 00 00 00 50 00 00 00 50 00 00 00 00 00 00 00 00 00 00 00 00 00 00 00 50 00 00 00 50 00 00 00 50 00
[12:51:52.149] 发送: FE FE FE FE 68 07 00 51 05 03 26 68 03 97 32 37 34 3A 77 66 55 44 33 38 33 33 33 33 33 33 33 33 33 33 63 33 33 33 33 33 33 33 33 33 33 33 33 33 33 33 33 33 33 33 33 33 33 33 33 33 33 33 33 33 33 33 33 33 33 33 33 33 33 33 33 33 33 33 33 33 33 33 33 33 33 33 33 33 33 33 33 83 33 33 33 83 33 33 33 83 33 33 33 83 33 33 33 83 33 33 33 83 33 33 33 33 33 33 33 33 33 33 33 83 33 33 33 83 33 33 33 83 33 33 33 83 33 33 33 83 33 33 33 33 33 33 33 33 33 33 33 33 33 33 33 83 33 33 33 83 33 33 33 83 33 4F 16
[12:51:55.453] 接收: FE FE FE FE 68 07 00 51 05 03 26 68 C3 01 34 4E 16
[12:51:55.453] Price params set fail, error: 1
[12:52:16.314] 发送: FE FE FE FE 68 07 00 51 05 03 26 68 11 04 32 44 B3 35 C9 16
[12:52:20.103] 接收: FE FE FE FE 68 07 00 51 05 03 26 68 91 81 32 44 B3 35 77 66 55 44 33 38 33 33 33 33 33 33 33 33 33 33 63 33 33 33 33 33 33 33 33 33 33 33 33 33 33 33 33 33 33 33 33 33 33 33 33 33 33 33 33 33 33 33 33 33 33 33 33 33 33 33 33 33 33 33 33 33 33 33 33 33 33 33 33 33 33 33 33 83 33 33 33 83 33 33 33 83 33 33 33 83 33 33 33 83 33 33 33 83 33 33 33 33 33 33 33 33 33 33 33 83 33 33 33 83 33 33 33 83 33 33 33 83 33 33 33 83 33 33 33 FC 16
[12:52:20.110] Data block read success, length: 129 bytes
[12:52:20.121] 数据块原始数据: FF 11 80 02 44 33 22 11 00 05 00 00 00 00 00 00 00 00 00 00 30 00 00 00 00 00 00 00 00 00 00 00 00 00 00 00 00 00 00 00 00 00 00 00 00 00 00 00 00 00 00 00 00 00 00 00 00 00 00 00 00 00 00 00 00 00 00 00 00 00 00 00 00 00 00 00 00 50 00 00 00 50 00 00 00 50 00 00 00 50 00 00 00 50 00 00 00 50 00 00 00 00 00 00 00 00 00 00 00 50 00 00 00 50 00 00 00 50 00 00 00 50 00 00 00 50 00 00 00
[12:52:20.131] 数据块有效数据: 44 33 22 11 00 05 00 00 00 00 00 00 00 00 00 00 30 00 00 00 00 00 00 00 00 00 00 00 00 00 00 00 00 00 00 00 00 00 00 00 00 00 00 00 00 00 00 00 00 00 00 00 00 00 00 00 00 00 00 00 00 00 00 00 00 00 00 00 00 00 00 00 00 50 00 00 00 50 00 00 00 50 00 00 00 50 00 00 00 50 00 00 00 50 00 00 00 00 00 00 00 00 00 00 00 50 00 00 00 50 00 00 00 50 00 00 00 50 00 00 00 50 00 00 00
[12:52:20.141] Data block parsed and displayed
[12:52:21.970] 发送: FE FE FE FE 68 07 00 51 05 03 26 68 11 04 32 44 B3 35 C9 16
[12:52:25.769] 接收: FE FE FE FE 68 07 00 51 05 03 26 68 91 81 32 44 B3 35 77 66 55 44 33 38 33 33 33 33 33 33 33 33 33 33 63 33 33 33 33 33 33 33 33 33 33 33 33 33 33 33 33 33 33 33 33 33 33 33 33 33 33 33 33 33 33 33 33 33 33 33 33 33 33 33 33 33 33 33 33 33 33 33 33 33 33 33 33 33 33 33 33 83 33 33 33 83 33 33 33 83 33 33 33 83 33 33 33 83 33 33 33 83 33 33 33 33 33 33 33 33 33 33 33 83 33 33 33 83 33 33 33 83 33 33 33 83 33 33 33 83 33 33 33 FC 16
[12:52:25.778] Data block read success, length: 129 bytes
[12:52:25.787] 数据块原始数据: FF 11 80 02 44 33 22 11 00 05 00 00 00 00 00 00 00 00 00 00 30 00 00 00 00 00 00 00 00 00 00 00 00 00 00 00 00 00 00 00 00 00 00 00 00 00 00 00 00 00 00 00 00 00 00 00 00 00 00 00 00 00 00 00 00 00 00 00 00 00 00 00 00 00 00 00 00 50 00 00 00 50 00 00 00 50 00 00 00 50 00 00 00 50 00 00 00 50 00 00 00 00 00 00 00 00 00 00 00 50 00 00 00 50 00 00 00 50 00 00 00 50 00 00 00 50 00 00 00
[12:52:25.797] 数据块有效数据: 44 33 22 11 00 05 00 00 00 00 00 00 00 00 00 00 30 00 00 00 00 00 00 00 00 00 00 00 00 00 00 00 00 00 00 00 00 00 00 00 00 00 00 00 00 00 00 00 00 00 00 00 00 00 00 00 00 00 00 00 00 00 00 00 00 00 00 00 00 00 00 00 00 50 00 00 00 50 00 00 00 50 00 00 00 50 00 00 00 50 00 00 00 50 00 00 00 00 00 00 00 00 00 00 00 50 00 00 00 50 00 00 00 50 00 00 00 50 00 00 00 50 00 00 00
[12:52:25.808] Data block parsed and displayed

